80,3
80,2
80,1
80,0
79,3
79,2
79,1
79,0
78,3
78,2
78,1
78,0
77,3
77,2
77,1
77,0
76,3
76,2
76,1
76,0
75,3
75,2
75,1
75,0
74,3
74,2
74,1
74,0
73,3
73,2
73,1
73,0
72,3
72,2
72,1
72,0
71,3
71,2
71,1
71,0
70,3
70,2
70,1
70,0
69,3
69,2
69,1
69,0
68,3
68,2
68,1
68,0
67,3
67,2
67,1
67,0
66,3
66,2
66,1
66,0
65,3
65,2
65,1
65,0
64,3
64,2
64,1
64,0
63,3
63,2
63,1
63,0
62,3
62,2
62,1
62,0
61,3
61,2
61,1
61,0
60,3
60,2
60,1
60,0
59,3
59,2
59,1
59,0
58,3
58,2
58,1
58,0
57,3
57,2
57,1
57,0
56,3
56,2
56,1
56,0
55,3
55,2
55,1
55,0
0,467
0,466
0,465
0,464
54,3
54,2
54,1
54,0
0,463
0,462
0,461
53,3
53,2
53,1
53,0
52,3
52,2
52,1
52,0
51,3
51,2
51,1
51,0
50,3
50,2
50,1
50,0
49,3
49,2
49,1
49,0
48,3
48,2
48,1
48,0
47,3
47,2
47,1
47,0
0,460
0,459
46,3
46,2
0,458
46,1
46,0
0,457
0,456
0,455
0,454
0,453
45,3
45,2
0,452
45,1
45,0
0,451
0,450
0,449
0,448
0,447
0,446
44,3
44,2
0,445
44,1
44,0
0,444
0,443
0,442
0,441
0,440
0,439
0,438
0,437
0,436
43,3
43,2
0,435
43,1
